0 820 600 -1 -1 1090 -1 400 300 450 -1
820 0 320 -1 820 -1 -1 -1 930 -1 -1
600 320 0 565 730 -1 -1 350 -1 -1 -1
-1 -1 565 0 320 340 -1 730 -1 -1 740
-1 820 730 320 0 660 -1 -1 -1 -1 -1
1090 -1 -1 340 660 0 660 -1 -1 -1 390
-1 -1 -1 -1 -1 660 0 390 210 550 760
400 -1 350 730 -1 -1 390 0 220 -1 -1
300 930 -1 -1 -1 -1 210 220 0 390 -1
450 -1 -1 -1 -1 -1 550 -1 390 0 1310
-1 -1 -1 740 -1 390 760 -1 -1 1310 0